LR Clip Loss
0.0001 0.0001 3258.895751953125
0.0001 0.0002 3259.134765625
0.0001 0.0004 3259.21044921875
0.0001 0.0005 3258.338134765625
0.0001 0.0008 3257.908203125
0.0001 0.001 3258.177001953125
0.0001 0.002 3258.6787109375
0.0001 0.004 3259.098388671875
0.0001 0.005 3258.048095703125
0.0001 0.008 3258.4873046875
0.0001 0.01 3257.73193359375
0.0001 0.02 3257.839599609375
0.0001 0.04 3258.266357421875
0.0001 0.05 3257.746337890625
0.0001 0.08 3258.385498046875
0.0001 0.1 3258.01318359375
0.0001 0.2 3258.041259765625
0.0001 0.4 3257.890625
0.0001 0.5 3258.793701171875
0.0001 0.8 3258.638427734375
0.0001 1 3258.650634765625
0.0001 2 3258.233154296875
0.0001 4 3257.748291015625
0.0001 5 3258.463623046875
0.0001 8 3258.15234375
0.0001 10 3257.999755859375
0.0001 20 3258.45751953125
0.0001 40 3258.632568359375
0.0001 50 3258.1923828125
0.0001 80 3257.867431640625
0.0002 0.0001 2915.099365234375
0.0002 0.0002 2913.9951171875
0.0002 0.0004 2913.874755859375
0.0002 0.0005 2913.0341796875
0.0002 0.0008 2913.419677734375
0.0002 0.001 2914.8427734375
0.0002 0.002 2913.10498046875
0.0002 0.004 2912.49365234375
0.0002 0.005 2912.423095703125
0.0002 0.008 2914.05078125
0.0002 0.01 2913.784912109375
0.0002 0.02 2912.560302734375
0.0002 0.04 2912.92333984375
0.0002 0.05 2914.457763671875
0.0002 0.08 2913.32861328125
0.0002 0.1 2913.204345703125
0.0002 0.2 2913.459228515625
0.0002 0.4 2913.268310546875
0.0002 0.5 2913.405517578125
0.0002 0.8 2913.001708984375
0.0002 1 2913.2509765625
0.0002 2 2914.72998046875
0.0002 4 2914.609619140625
0.0002 5 2913.6103515625
0.0002 8 2913.1025390625
0.0002 10 2913.079345703125
0.0002 20 2913.640869140625
0.0002 40 2912.4404296875
0.0002 50 2912.193115234375
0.0002 80 2912.935302734375
0.0004 0.0001 2284.7001953125
0.0004 0.0002 2285.104248046875
0.0004 0.0004 2284.611328125
0.0004 0.0005 2285.771728515625
0.0004 0.0008 2285.92529296875
0.0004 0.001 2286.061767578125
0.0004 0.002 2284.2578125
0.0004 0.004 2283.142333984375
0.0004 0.005 2285.027099609375
0.0004 0.008 2285.998779296875
0.0004 0.01 2286.1279296875
0.0004 0.02 2285.597412109375
0.0004 0.04 2285.928466796875
0.0004 0.05 2283.666015625
0.0004 0.08 2284.56689453125
0.0004 0.1 2287.561767578125
0.0004 0.2 2282.6552734375
0.0004 0.4 2284.44287109375
0.0004 0.5 2286.10107421875
0.0004 0.8 2286.744873046875
0.0004 1 2285.643798828125
0.0004 2 2283.3505859375
0.0004 4 2284.927490234375
0.0004 5 2285.237060546875
0.0004 8 2285.467041015625
0.0004 10 2284.39990234375
0.0004 20 2284.66845703125
0.0004 40 2285.3837890625
0.0004 50 2284.13232421875
0.0004 80 2286.25537109375
0.0005 0.0001 2001.31201171875
0.0005 0.0002 2001.7615966796875
0.0005 0.0004 2001.010986328125
0.0005 0.0005 2001.3125
0.0005 0.0008 1999.9627685546875
0.0005 0.001 2002.5986328125
0.0005 0.002 2000.2332763671875
0.0005 0.004 1999.397705078125
0.0005 0.005 1999.983642578125
0.0005 0.008 2000.7376708984375
0.0005 0.01 2001.3115234375
0.0005 0.02 2003.547119140625
0.0005 0.04 1999.539306640625
0.0005 0.05 1999.9083251953125
0.0005 0.08 2001.9761962890625
0.0005 0.1 2002.4169921875
0.0005 0.2 2001.1177978515625
0.0005 0.4 2000.732177734375
0.0005 0.5 1998.36279296875
0.0005 0.8 2002.058837890625
0.0005 1 2000.81591796875
0.0005 2 2001.4520263671875
0.0005 4 2001.5072021484375
0.0005 5 2002.3895263671875
0.0005 8 2000.6512451171875
0.0005 10 2001.218017578125
0.0005 20 2000.1490478515625
0.0005 40 2002.171142578125
0.0005 50 1999.57666015625
0.0005 80 2002.393798828125
0.0008 0.0001 1268.8516845703125
0.0008 0.0002 1269.2293701171875
0.0008 0.0004 1270.2059326171875
0.0008 0.0005 1270.8695068359375
0.0008 0.0008 1269.5155029296875
0.0008 0.001 1269.3046875
0.0008 0.002 1268.5374755859375
0.0008 0.004 1268.0595703125
0.0008 0.005 1273.22705078125
0.0008 0.008 1267.185546875
0.0008 0.01 1268.3343505859375
0.0008 0.02 1270.382568359375
0.0008 0.04 1268.1505126953125
0.0008 0.05 1271.03662109375
0.0008 0.08 1272.2906494140625
0.0008 0.1 1267.844970703125
0.0008 0.2 1269.25341796875
0.0008 0.4 1272.2921142578125
0.0008 0.5 1267.633544921875
0.0008 0.8 1267.9298095703125
0.0008 1 1272.8944091796875
0.0008 2 1270.3634033203125
0.0008 4 1265.69140625
0.0008 5 1264.4478759765625
0.0008 8 1266.9759521484375
0.0008 10 1270.026611328125
0.0008 20 1267.25634765625
0.0008 40 1272.87939453125
0.0008 50 1267.3612060546875
0.0008 80 1271.394775390625
0.001 0.0001 886.2369995117188
0.001 0.0002 882.90380859375
0.001 0.0004 879.316162109375
0.001 0.0005 882.8141479492188
0.001 0.0008 881.0841064453125
0.001 0.001 881.980224609375
0.001 0.002 882.1566772460938
0.001 0.004 880.3048095703125
0.001 0.005 882.7064208984375
0.001 0.008 880.8062133789062
0.001 0.01 882.46923828125
0.001 0.02 879.67041015625
0.001 0.04 881.870849609375
0.001 0.05 882.689208984375
0.001 0.08 877.9323120117188
0.001 0.1 881.7857055664062
0.001 0.2 883.5678100585938
0.001 0.4 883.8772583007812
0.001 0.5 881.2401123046875
0.001 0.8 884.7472534179688
0.001 1 878.6779174804688
0.001 2 883.6127319335938
0.001 4 879.6087036132812
0.001 5 883.9700927734375
0.001 8 880.8755493164062
0.001 10 881.79931640625
0.001 20 882.6649169921875
0.001 40 884.0360107421875
0.001 50 881.665771484375
0.001 80 883.7738037109375
0.002 0.0001 124.51362609863281
0.002 0.0002 124.52526092529297
0.002 0.0004 124.46641540527344
0.002 0.0005 124.3451919555664
0.002 0.0008 124.4764633178711
0.002 0.001 124.5748291015625
0.002 0.002 124.53800201416016
0.002 0.004 124.49195861816406
0.002 0.005 124.60131072998047
0.002 0.008 124.45191192626953
0.002 0.01 124.43217468261719
0.002 0.02 124.62525177001953
0.002 0.04 124.49896240234375
0.002 0.05 124.53512573242188
0.002 0.08 124.58464050292969
0.002 0.1 124.60964965820312
0.002 0.2 124.53388214111328
0.002 0.4 124.515380859375
0.002 0.5 124.45425415039062
0.002 0.8 124.4709243774414
0.002 1 124.46492004394531
0.002 2 124.59042358398438
0.002 4 125.31903839111328
0.002 5 125.80921936035156
0.002 8 126.67154693603516
0.002 10 127.07388305664062
0.002 20 128.2069091796875
0.002 40 131.94183349609375
0.002 50 134.68531799316406
0.002 80 148.55877685546875
0.004 0.0001 87.07491302490234
0.004 0.0002 87.02851104736328
0.004 0.0004 87.01288604736328
0.004 0.0005 87.04400634765625
0.004 0.0008 87.03254699707031
0.004 0.001 86.97283172607422
0.004 0.002 87.04039764404297
0.004 0.004 87.03913879394531
0.004 0.005 87.11058044433594
0.004 0.008 86.96144104003906
0.004 0.01 87.07623291015625
0.004 0.02 86.99235534667969
0.004 0.04 87.01507568359375
0.004 0.05 86.98896026611328
0.004 0.08 87.03935241699219
0.004 0.1 87.08881378173828
0.004 0.2 87.11835479736328
0.004 0.4 86.96974182128906
0.004 0.5 87.01156616210938
0.004 0.8 87.0087661743164
0.004 1 87.02019500732422
0.004 2 88.26107025146484
0.004 4 93.94945526123047
0.004 5 96.29881286621094
0.004 8 102.72679901123047
0.004 10 105.46778106689453
0.004 20 114.61185455322266
0.004 40 120.2279281616211
0.004 50 122.46455383300781
0.004 80 124.077392578125
0.005 0.0001 78.84538269042969
0.005 0.0002 78.8550796508789
0.005 0.0004 78.8598861694336
0.005 0.0005 78.8387451171875
0.005 0.0008 78.81407928466797
0.005 0.001 78.83824920654297
0.005 0.002 78.85961151123047
0.005 0.004 78.8492660522461
0.005 0.005 78.82117462158203
0.005 0.008 78.85784912109375
0.005 0.01 78.85908508300781
0.005 0.02 78.87722778320312
0.005 0.04 78.82151794433594
0.005 0.05 78.83323669433594
0.005 0.08 78.82714080810547
0.005 0.1 78.82185363769531
0.005 0.2 78.8171157836914
0.005 0.4 78.83409881591797
0.005 0.5 78.86268615722656
0.005 0.8 78.9698257446289
0.005 1 79.25849151611328
0.005 2 81.40312194824219
0.005 4 85.96753692626953
0.005 5 88.18733978271484
0.005 8 94.39751434326172
0.005 10 97.43024444580078
0.005 20 108.32941436767578
0.005 40 117.1893310546875
0.005 50 118.43048858642578
0.005 80 121.5509262084961
0.008 0.0001 76.98186492919922
0.008 0.0002 76.98184204101562
0.008 0.0004 76.98184204101562
0.008 0.0005 76.98187255859375
0.008 0.0008 76.98190307617188
0.008 0.001 76.98193359375
0.008 0.002 76.98185729980469
0.008 0.004 76.98185729980469
0.008 0.005 76.98193359375
0.008 0.008 76.98190307617188
0.008 0.01 76.98200225830078
0.008 0.02 76.98188018798828
0.008 0.04 76.98190307617188
0.008 0.05 76.98186492919922
0.008 0.08 76.98213958740234
0.008 0.1 76.98198699951172
0.008 0.2 76.98241424560547
0.008 0.4 76.98208618164062
0.008 0.5 76.9835205078125
0.008 0.8 76.98420715332031
0.008 1 76.98685455322266
0.008 2 77.0642318725586
0.008 4 77.83792114257812
0.008 5 78.47073364257812
0.008 8 81.43663787841797
0.008 10 83.74163055419922
0.008 20 93.94416046142578
0.008 40 105.53860473632812
0.008 50 109.18270111083984
0.008 80 114.73429107666016
0.01 0.0001 76.98184204101562
0.01 0.0002 76.98184204101562
0.01 0.0004 76.98184967041016
0.01 0.0005 76.98191833496094
0.01 0.0008 76.9819107055664
0.01 0.001 76.98184204101562
0.01 0.002 76.98194885253906
0.01 0.004 76.98185729980469
0.01 0.005 76.98191833496094
0.01 0.008 76.9819107055664
0.01 0.01 76.98184967041016
0.01 0.02 76.98189544677734
0.01 0.04 76.98191833496094
0.01 0.05 76.98190307617188
0.01 0.08 76.98209381103516
0.01 0.1 76.9819107055664
0.01 0.2 76.9821548461914
0.01 0.4 76.9832992553711
0.01 0.5 76.9829330444336
0.01 0.8 76.98393249511719
0.01 1 76.98664855957031
0.01 2 76.99506378173828
0.01 4 77.10940551757812
0.01 5 77.2998275756836
0.01 8 78.66227722167969
0.01 10 80.08312225341797
0.01 20 88.60369110107422
0.01 40 101.42573547363281
0.01 50 104.2148208618164
0.01 80 110.59354400634766
0.02 0.0001 76.98199462890625
0.02 0.0002 76.98194885253906
0.02 0.0004 76.98239135742188
0.02 0.0005 76.98423767089844
0.02 0.0008 76.98222351074219
0.02 0.001 76.98191833496094
0.02 0.002 76.9823226928711
0.02 0.004 76.98188018798828
0.02 0.005 76.98198699951172
0.02 0.008 76.98224639892578
0.02 0.01 76.98194122314453
0.02 0.02 76.98197174072266
0.02 0.04 76.98198699951172
0.02 0.05 76.98194885253906
0.02 0.08 76.9819564819336
0.02 0.1 76.98265838623047
0.02 0.2 76.98236083984375
0.02 0.4 76.98505401611328
0.02 0.5 76.98521423339844
0.02 0.8 76.98683166503906
0.02 1 76.99292755126953
0.02 2 76.99305725097656
0.02 4 76.99818420410156
0.02 5 77.02156066894531
0.02 8 77.02571105957031
0.02 10 77.06041717529297
0.02 20 78.79319763183594
0.02 40 84.86724853515625
0.02 50 89.04154205322266
0.02 80 98.80355072021484
0.04 0.0001 76.98735046386719
0.04 0.0002 76.98265075683594
0.04 0.0004 76.98716735839844
0.04 0.0005 76.9821548461914
0.04 0.0008 76.98198699951172
0.04 0.001 76.98326110839844
0.04 0.002 76.98273468017578
0.04 0.004 76.98214721679688
0.04 0.005 76.98240661621094
0.04 0.008 76.9824447631836
0.04 0.01 76.98245239257812
0.04 0.02 76.9830551147461
0.04 0.04 76.9826431274414
0.04 0.05 76.98748016357422
0.04 0.08 76.98286437988281
0.04 0.1 76.98286437988281
0.04 0.2 76.9830551147461
0.04 0.4 76.98573303222656
0.04 0.5 76.98652648925781
0.04 0.8 77.00366973876953
0.04 1 76.98792266845703
0.04 2 77.00701141357422
0.04 4 77.05560302734375
0.04 5 77.04286193847656
0.04 8 77.23016357421875
0.04 10 77.09593963623047
0.04 20 77.34349060058594
0.04 40 77.97239685058594
0.04 50 79.68688201904297
0.04 80 82.44538116455078
0.05 0.0001 76.98504638671875
0.05 0.0002 76.98413848876953
0.05 0.0004 76.9826431274414
0.05 0.0005 76.98320007324219
0.05 0.0008 76.98375701904297
0.05 0.001 76.98306274414062
0.05 0.002 76.9832534790039
0.05 0.004 76.98910522460938
0.05 0.005 76.98626708984375
0.05 0.008 76.9820785522461
0.05 0.01 76.98306274414062
0.05 0.02 76.98297119140625
0.05 0.04 76.98206329345703
0.05 0.05 76.98306274414062
0.05 0.08 76.9832992553711
0.05 0.1 76.983154296875
0.05 0.2 76.98399353027344
0.05 0.4 76.98655700683594
0.05 0.5 76.98816680908203
0.05 0.8 76.992431640625
0.05 1 77.00318908691406
0.05 2 76.99934387207031
0.05 4 77.02034759521484
0.05 5 77.0624008178711
0.05 8 77.3162612915039
0.05 10 77.13188171386719
0.05 20 77.5555419921875
0.05 40 77.91596221923828
0.05 50 77.88362884521484
0.05 80 81.88834381103516
0.08 0.0001 76.98592376708984
0.08 0.0002 76.98497772216797
0.08 0.0004 76.98341369628906
0.08 0.0005 76.98259735107422
0.08 0.0008 76.9913101196289
0.08 0.001 76.98552703857422
0.08 0.002 76.98456573486328
0.08 0.004 76.99061584472656
0.08 0.005 76.98343658447266
0.08 0.008 76.98934936523438
0.08 0.01 76.98502349853516
0.08 0.02 76.98421478271484
0.08 0.04 76.9829330444336
0.08 0.05 76.98458862304688
0.08 0.08 76.98234558105469
0.08 0.1 76.98314666748047
0.08 0.2 76.98495483398438
0.08 0.4 76.99702453613281
0.08 0.5 76.99200439453125
0.08 0.8 77.0090560913086
0.08 1 77.00414276123047
0.08 2 77.07149505615234
0.08 4 77.1424560546875
0.08 5 77.12818908691406
0.08 8 77.08209228515625
0.08 10 77.18902587890625
0.08 20 77.25422668457031
0.08 40 78.19171905517578
0.08 50 78.37594604492188
0.08 80 78.98040008544922
0.1 0.0001 76.98927307128906
0.1 0.0002 76.98684692382812
0.1 0.0004 76.98704528808594
0.1 0.0005 76.99433898925781
0.1 0.0008 76.98387908935547
0.1 0.001 76.98716735839844
0.1 0.002 76.98700714111328
0.1 0.004 76.99065399169922
0.1 0.005 76.98563385009766
0.1 0.008 76.98291778564453
0.1 0.01 77.00117492675781
0.1 0.02 76.99140930175781
0.1 0.04 76.98770141601562
0.1 0.05 76.9854965209961
0.1 0.08 76.98770141601562
0.1 0.1 76.98352813720703
0.1 0.2 76.98749542236328
0.1 0.4 76.98906707763672
0.1 0.5 77.00825500488281
0.1 0.8 76.99758911132812
0.1 1 77.00910949707031
0.1 2 77.0705795288086
0.1 4 77.06713104248047
0.1 5 77.1313247680664
0.1 8 77.28214263916016
0.1 10 77.28910827636719
0.1 20 77.35440063476562
0.1 40 78.09165954589844
0.1 50 79.1434326171875
0.1 80 77.840087890625
0.2 0.0001 77.02876281738281
0.2 0.0002 77.00359344482422
0.2 0.0004 76.98795318603516
0.2 0.0005 77.04511260986328
0.2 0.0008 77.0082015991211
0.2 0.001 76.99962615966797
0.2 0.002 77.00481414794922
0.2 0.004 77.11825561523438
0.2 0.005 77.02825164794922
0.2 0.008 76.986572265625
0.2 0.01 76.99219512939453
0.2 0.02 76.99832916259766
0.2 0.04 77.06395721435547
0.2 0.05 76.98712158203125
0.2 0.08 76.99185943603516
0.2 0.1 76.9976577758789
0.2 0.2 76.99522399902344
0.2 0.4 76.99632263183594
0.2 0.5 77.01104736328125
0.2 0.8 77.0206527709961
0.2 1 77.02606201171875
0.2 2 77.08889770507812
0.2 4 77.15235900878906
0.2 5 77.44811248779297
0.2 8 77.62401580810547
0.2 10 77.46870422363281
0.2 20 78.08612823486328
0.2 40 79.47383117675781
0.2 50 82.48029327392578
0.2 80 89.79657745361328
0.4 0.0001 77.10321807861328
0.4 0.0002 77.03314971923828
0.4 0.0004 77.33522033691406
0.4 0.0005 77.0665283203125
0.4 0.0008 77.03069305419922
0.4 0.001 77.03959655761719
0.4 0.002 77.0783920288086
0.4 0.004 76.99698638916016
0.4 0.005 77.0179214477539
0.4 0.008 77.13505554199219
0.4 0.01 77.16539001464844
0.4 0.02 77.38151550292969
0.4 0.04 77.01115417480469
0.4 0.05 77.00640869140625
0.4 0.08 77.09237670898438
0.4 0.1 77.38966369628906
0.4 0.2 77.07145690917969
0.4 0.4 77.13753509521484
0.4 0.5 77.03851318359375
0.4 0.8 77.09703063964844
0.4 1 77.11767578125
0.4 2 77.16871643066406
0.4 4 77.47473907470703
0.4 5 77.4033203125
0.4 8 77.56878662109375
0.4 10 78.07296752929688
0.4 20 79.45893096923828
0.4 40 79.23178100585938
0.4 50 79.03189086914062
0.4 80 92.63291931152344
0.5 0.0001 77.59352111816406
0.5 0.0002 77.16158294677734
0.5 0.0004 77.05770874023438
0.5 0.0005 77.12732696533203
0.5 0.0008 77.13936614990234
0.5 0.001 77.04513549804688
0.5 0.002 77.12283325195312
0.5 0.004 77.73774719238281
0.5 0.005 77.06303405761719
0.5 0.008 77.0931625366211
0.5 0.01 77.48632049560547
0.5 0.02 77.04847717285156
0.5 0.04 77.06021118164062
0.5 0.05 77.22232055664062
0.5 0.08 77.07052612304688
0.5 0.1 77.00906372070312
0.5 0.2 77.08614349365234
0.5 0.4 77.06769561767578
0.5 0.5 77.09144592285156
0.5 0.8 77.19501495361328
0.5 1 77.14522552490234
0.5 2 77.2283706665039
0.5 4 77.66665649414062
0.5 5 78.27201843261719
0.5 8 78.08274841308594
0.5 10 80.13506317138672
0.5 20 80.6115951538086
0.5 40 80.83502197265625
0.5 50 82.56438446044922
0.5 80 104.7127685546875
0.8 0.0001 77.24259948730469
0.8 0.0002 77.20960998535156
0.8 0.0004 79.96742248535156
0.8 0.0005 77.1301498413086
0.8 0.0008 77.7877426147461
0.8 0.001 77.25091552734375
0.8 0.002 77.32949829101562
0.8 0.004 77.46244812011719
0.8 0.005 77.31034851074219
0.8 0.008 77.29214477539062
0.8 0.01 77.11560821533203
0.8 0.02 77.06919860839844
0.8 0.04 78.9229965209961
0.8 0.05 77.15956115722656
0.8 0.08 77.42952728271484
0.8 0.1 77.91036224365234
0.8 0.2 77.05831146240234
0.8 0.4 80.08631896972656
0.8 0.5 77.28052520751953
0.8 0.8 77.19172668457031
0.8 1 77.41677856445312
0.8 2 77.19884490966797
0.8 4 77.17393493652344
0.8 5 78.6803970336914
0.8 8 78.4725112915039
0.8 10 79.5748291015625
0.8 20 80.37812805175781
0.8 40 86.45674896240234
0.8 50 84.60597229003906
0.8 80 97.57286834716797
1 0.0001 78.151611328125
1 0.0002 78.39820098876953
1 0.0004 77.15193939208984
1 0.0005 77.078125
1 0.0008 77.4922866821289
1 0.001 77.03014373779297
1 0.002 77.3753662109375
1 0.004 78.00447845458984
1 0.005 78.56929016113281
1 0.008 77.03255462646484
1 0.01 78.0572738647461
1 0.02 77.27851104736328
1 0.04 77.44444274902344
1 0.05 77.10528564453125
1 0.08 77.82870483398438
1 0.1 77.55089569091797
1 0.2 77.71247100830078
1 0.4 78.3633804321289
1 0.5 77.0976791381836
1 0.8 77.29550170898438
1 1 77.44910430908203
1 2 77.18828582763672
1 4 78.80689239501953
1 5 79.16963195800781
1 8 78.52388763427734
1 10 81.3753433227539
1 20 84.7289047241211
1 40 82.46428680419922
1 50 100.24100494384766
1 80 121.08489227294922
2 0.0001 78.62499237060547
2 0.0002 78.61135864257812
2 0.0004 78.23434448242188
2 0.0005 78.39033508300781
2 0.0008 77.84964752197266
2 0.001 77.976318359375
2 0.002 90.9668960571289
2 0.004 81.7812271118164
2 0.005 79.08181762695312
2 0.008 80.8497314453125
2 0.01 77.3987045288086
2 0.02 79.1695556640625
2 0.04 80.70309448242188
2 0.05 78.0490951538086
2 0.08 77.96084594726562
2 0.1 79.03040313720703
2 0.2 85.5465087890625
2 0.4 77.67510986328125
2 0.5 81.16046905517578
2 0.8 80.02631378173828
2 1 78.25501251220703
2 2 80.29263305664062
2 4 78.92823791503906
2 5 79.27938842773438
2 8 81.02716827392578
2 10 81.49869537353516
2 20 90.99465942382812
2 40 99.9638442993164
2 50 102.29851531982422
2 80 143.7726287841797
4 0.0001 81.89210510253906
4 0.0002 89.41847229003906
4 0.0004 126.86505889892578
4 0.0005 82.98356628417969
4 0.0008 81.4378890991211
4 0.001 85.15514373779297
4 0.002 81.27973175048828
4 0.004 80.23592376708984
4 0.005 95.23663330078125
4 0.008 101.05371856689453
4 0.01 82.31897735595703
4 0.02 103.4521713256836
4 0.04 95.73149871826172
4 0.05 92.30573272705078
4 0.08 87.96649932861328
4 0.1 87.97756958007812
4 0.2 86.15919494628906
4 0.4 125.08427429199219
4 0.5 82.71347045898438
4 0.8 86.4966049194336
4 1 78.13177490234375
4 2 122.78368377685547
4 4 80.94126892089844
4 5 92.23664093017578
4 8 87.94223022460938
4 10 80.1381607055664
4 20 105.41981506347656
4 40 170.6768341064453
4 50 160.34970092773438
4 80 197.94479370117188
5 0.0001 101.83204650878906
5 0.0002 84.51878356933594
5 0.0004 80.26417541503906
5 0.0005 97.246337890625
5 0.0008 109.490478515625
5 0.001 108.2402114868164
5 0.002 86.8231201171875
5 0.004 81.93049621582031
5 0.005 87.88249969482422
5 0.008 85.45398712158203
5 0.01 82.16523742675781
5 0.02 79.80076599121094
5 0.04 276.18536376953125
5 0.05 79.16453552246094
5 0.08 84.37637329101562
5 0.1 84.77808380126953
5 0.2 104.59817504882812
5 0.4 87.60536193847656
5 0.5 80.0179214477539
5 0.8 89.04656219482422
5 1 98.52921295166016
5 2 87.00247955322266
5 4 95.69583129882812
5 5 83.54347229003906
5 8 99.49435424804688
5 10 87.91082763671875
5 20 95.3680419921875
5 40 133.56448364257812
5 50 121.01448822021484
5 80 391.1448059082031
8 0.0001 112.00040435791016
8 0.0002 147.63247680664062
8 0.0004 108.35785675048828
8 0.0005 222.24317932128906
8 0.0008 240.95030212402344
8 0.001 277.53961181640625
8 0.002 211.14260864257812
8 0.004 111.32200622558594
8 0.005 155.26577758789062
8 0.008 87.8610610961914
8 0.01 143.9573211669922
8 0.02 111.2948989868164
8 0.04 107.56674194335938
8 0.05 101.44051361083984
8 0.08 111.72697448730469
8 0.1 125.43618774414062
8 0.2 366.1455993652344
8 0.4 123.93367767333984
8 0.5 122.49803161621094
8 0.8 118.93633270263672
8 1 93.52488708496094
8 2 190.1884765625
8 4 153.71156311035156
8 5 102.25597381591797
8 8 87.7735824584961
8 10 97.01628112792969
8 20 120.52641296386719
8 40 209.69686889648438
8 50 183.1321258544922
8 80 280.61114501953125
10 0.0001 99.63558197021484
10 0.0002 394.7434997558594
10 0.0004 112.37836456298828
10 0.0005 247.62802124023438
10 0.0008 223.56793212890625
10 0.001 92.0225830078125
10 0.002 137.87142944335938
10 0.004 101.57913970947266
10 0.005 108.76663970947266
10 0.008 203.1609344482422
10 0.01 144.94277954101562
10 0.02 128.3213348388672
10 0.04 152.71926879882812
10 0.05 106.08100891113281
10 0.08 206.01824951171875
10 0.1 99.48861694335938
10 0.2 121.79192352294922
10 0.4 88.63207244873047
10 0.5 199.54747009277344
10 0.8 148.893310546875
10 1 161.7524871826172
10 2 148.36599731445312
10 4 117.4457778930664
10 5 529.4760131835938
10 8 264.56683349609375
10 10 96.61065673828125
10 20 145.3820343017578
10 40 257.9486083984375
10 50 329.498779296875
10 80 471.2651672363281
20 0.0001 695.304931640625
20 0.0002 342.1950988769531
20 0.0004 219.92469787597656
20 0.0005 210.85548400878906
20 0.0008 1443.43505859375
20 0.001 664.7692260742188
20 0.002 537.0532836914062
20 0.004 337.3564758300781
20 0.005 117.80218505859375
20 0.008 278.3733215332031
20 0.01 556.0379638671875
20 0.02 441.7063903808594
20 0.04 155.45181274414062
20 0.05 303.4083251953125
20 0.08 205.7646026611328
20 0.1 256.4085388183594
20 0.2 500.0563659667969
20 0.4 245.98641967773438
20 0.5 118.95306396484375
20 0.8 138.31295776367188
20 1 459.9712219238281
20 2 396.7836608886719
20 4 189.48141479492188
20 5 245.7329864501953
20 8 191.23141479492188
20 10 1081.30615234375
20 20 214.7726