LR Clip Loss
0.0001 0.0001 3714.296630859375
0.0001 0.0002 3714.283447265625
0.0001 0.0004 3714.257568359375
0.0001 0.0005 3714.245361328125
0.0001 0.0008 3714.206787109375
0.0001 0.001 3714.18115234375
0.0001 0.002 3714.05322265625
0.0001 0.004 3713.797119140625
0.0001 0.005 3713.668212890625
0.0001 0.008 3713.2861328125
0.0001 0.01 3713.02685546875
0.0001 0.02 3711.74169921875
0.0001 0.04 3709.189208984375
0.0001 0.05 3707.903076171875
0.0001 0.08 3704.04833984375
0.0001 0.1 3701.505615234375
0.0001 0.2 3688.74365234375
0.0001 0.4 3663.080078125
0.0001 0.5 3650.50732421875
0.0001 0.8 3612.447509765625
0.0001 1 3587.526123046875
0.0001 2 3462.661376953125
0.0001 4 3219.609130859375
0.0001 5 3101.442138671875
0.0001 8 2760.41650390625
0.0001 10 2549.90478515625
0.0001 20 1609.9613037109375
0.0001 40 416.59735107421875
0.0001 50 176.34048461914062
0.0001 80 123.51547241210938
0.0002 0.0001 3714.283447265625
0.0002 0.0002 3714.257568359375
0.0002 0.0004 3714.206787109375
0.0002 0.0005 3714.18115234375
0.0002 0.0008 3714.10400390625
0.0002 0.001 3714.05322265625
0.0002 0.002 3713.79638671875
0.0002 0.004 3713.281005859375
0.0002 0.005 3713.028076171875
0.0002 0.008 3712.257568359375
0.0002 0.01 3711.75439453125
0.0002 0.02 3709.186767578125
0.0002 0.04 3704.057861328125
0.0002 0.05 3701.51904296875
0.0002 0.08 3693.849853515625
0.0002 0.1 3688.71435546875
0.0002 0.2 3663.266845703125
0.0002 0.4 3612.29931640625
0.0002 0.5 3586.99365234375
0.0002 0.8 3512.489501953125
0.0002 1 3462.5224609375
0.0002 2 3219.28125
0.0002 4 2761.134033203125
0.0002 5 2546.552978515625
0.0002 8 1956.951171875
0.0002 10 1605.628662109375
0.0002 20 415.5954284667969
0.0002 40 119.71621704101562
0.0002 50 118.81627655029297
0.0002 80 118.48101043701172
0.0004 0.0001 3714.258056640625
0.0004 0.0002 3714.206787109375
0.0004 0.0004 3714.104248046875
0.0004 0.0005 3714.052490234375
0.0004 0.0008 3713.898193359375
0.0004 0.001 3713.79638671875
0.0004 0.002 3713.279296875
0.0004 0.004 3712.256103515625
0.0004 0.005 3711.747314453125
0.0004 0.008 3710.207763671875
0.0004 0.01 3709.215087890625
0.0004 0.02 3704.0517578125
0.0004 0.04 3693.790283203125
0.0004 0.05 3688.675537109375
0.0004 0.08 3673.460693359375
0.0004 0.1 3663.218505859375
0.0004 0.2 3612.599609375
0.0004 0.4 3512.286376953125
0.0004 0.5 3462.556396484375
0.0004 0.8 3315.93115234375
0.0004 1 3219.2646484375
0.0004 2 2764.941162109375
0.0004 4 1953.92919921875
0.0004 5 1610.760009765625
0.0004 8 786.5457763671875
0.0004 10 420.7671813964844
0.0004 20 117.58560180664062
0.0004 40 114.94794464111328
0.0004 50 113.95314025878906
0.0004 80 113.02235412597656
0.0005 0.0001 3714.2451171875
0.0005 0.0002 3714.18115234375
0.0005 0.0004 3714.0537109375
0.0005 0.0005 3713.988037109375
0.0005 0.0008 3713.797119140625
0.0005 0.001 3713.667236328125
0.0005 0.002 3713.02685546875
0.0005 0.004 3711.7421875
0.0005 0.005 3711.11083984375
0.0005 0.008 3709.183349609375
0.0005 0.01 3707.909423828125
0.0005 0.02 3701.4853515625
0.0005 0.04 3688.7470703125
0.0005 0.05 3682.460205078125
0.0005 0.08 3663.19921875
0.0005 0.1 3650.563232421875
0.0005 0.2 3587.448974609375
0.0005 0.4 3462.933837890625
0.0005 0.5 3401.136962890625
0.0005 0.8 3219.899658203125
0.0005 1 3101.45458984375
0.0005 2 2545.193359375
0.0005 4 1604.3878173828125
0.0005 5 1224.61572265625
0.0005 8 417.4283142089844
0.0005 10 164.96829223632812
0.0005 20 115.02704620361328
0.0005 40 112.59843444824219
0.0005 50 111.92068481445312
0.0005 80 111.33760070800781
0.0008 0.0001 3714.206787109375
0.0008 0.0002 3714.104248046875
0.0008 0.0004 3713.8994140625
0.0008 0.0005 3713.7958984375
0.0008 0.0008 3713.489013671875
0.0008 0.001 3713.28466796875
0.0008 0.002 3712.258544921875
0.0008 0.004 3710.21337890625
0.0008 0.005 3709.18896484375
0.0008 0.008 3706.071044921875
0.0008 0.01 3704.06396484375
0.0008 0.02 3693.867919921875
0.0008 0.04 3673.334228515625
0.0008 0.05 3663.185302734375
0.0008 0.08 3632.727294921875
0.0008 0.1 3612.3515625
0.0008 0.2 3512.6083984375
0.0008 0.4 3316.665771484375
0.0008 0.5 3221.71142578125
0.0008 0.8 2940.55322265625
0.0008 1 2764.60693359375
0.0008 2 1956.0245361328125
0.0008 4 786.7963256835938
0.0008 5 422.6143493652344
0.0008 8 117.62248229980469
0.0008 10 114.41146087646484
0.0008 20 109.20491027832031
0.0008 40 107.35472106933594
0.0008 50 107.02778625488281
0.0008 80 106.53189849853516
0.001 0.0001 3714.18115234375
0.001 0.0002 3714.052490234375
0.001 0.0004 3713.797119140625
0.001 0.0005 3713.669189453125
0.001 0.0008 3713.2822265625
0.001 0.001 3713.025634765625
0.001 0.002 3711.7470703125
0.001 0.004 3709.185302734375
0.001 0.005 3707.895263671875
0.001 0.008 3704.051513671875
0.001 0.01 3701.503662109375
0.001 0.02 3688.67138671875
0.001 0.04 3663.23828125
0.001 0.05 3650.716552734375
0.001 0.08 3612.55517578125
0.001 0.1 3587.405029296875
0.001 0.2 3462.642578125
0.001 0.4 3219.61328125
0.001 0.5 3102.5283203125
0.001 0.8 2762.116943359375
0.001 1 2549.25341796875
0.001 2 1608.7216796875
0.001 4 418.4347229003906
0.001 5 166.2326202392578
0.001 8 112.71349334716797
0.001 10 110.28373718261719
0.001 20 105.21759796142578
0.001 40 103.82992553710938
0.001 50 103.42845153808594
0.001 80 102.3432388305664
0.002 0.0001 3714.05224609375
0.002 0.0002 3713.796142578125
0.002 0.0004 3713.285400390625
0.002 0.0005 3713.033203125
0.002 0.0008 3712.259033203125
0.002 0.001 3711.753173828125
0.002 0.002 3709.196533203125
0.002 0.004 3704.0537109375
0.002 0.005 3701.52587890625
0.002 0.008 3693.8828125
0.002 0.01 3688.7490234375
0.002 0.02 3663.096435546875
0.002 0.04 3612.311279296875
0.002 0.05 3586.943115234375
0.002 0.08 3512.4326171875
0.002 0.1 3462.41748046875
0.002 0.2 3220.318603515625
0.002 0.4 2763.25048828125
0.002 0.5 2544.80322265625
0.002 0.8 1953.31103515625
0.002 1 1608.833740234375
0.002 2 414.6739196777344
0.002 4 107.1478042602539
0.002 5 102.97374725341797
0.002 8 97.93009948730469
0.002 10 96.88851928710938
0.002 20 94.54232025146484
0.002 40 93.8131332397461
0.002 50 94.2489013671875
0.002 80 92.82096099853516
0.004 0.0001 3713.797119140625
0.004 0.0002 3713.28466796875
0.004 0.0004 3712.254150390625
0.004 0.0005 3711.74755859375
0.004 0.0008 3710.2138671875
0.004 0.001 3709.18505859375
0.004 0.002 3704.0849609375
0.004 0.004 3693.785400390625
0.004 0.005 3688.672607421875
0.004 0.008 3673.344482421875
0.004 0.01 3663.236328125
0.004 0.02 3612.42236328125
0.004 0.04 3512.61767578125
0.004 0.05 3462.586669921875
0.004 0.08 3315.7900390625
0.004 0.1 3220.718505859375
0.004 0.2 2764.358154296875
0.004 0.4 1958.9906005859375
0.004 0.5 1611.2177734375
0.004 0.8 786.31494140625
0.004 1 415.92034912109375
0.004 2 99.48738861083984
0.004 4 89.86119842529297
0.004 5 89.0843505859375
0.004 8 87.97232055664062
0.004 10 87.60161590576172
0.004 20 87.23741912841797
0.004 40 87.05651092529297
0.004 50 88.28268432617188
0.004 80 87.36534118652344
0.005 0.0001 3713.669677734375
0.005 0.0002 3713.029052734375
0.005 0.0004 3711.75048828125
0.005 0.0005 3711.104736328125
0.005 0.0008 3709.185546875
0.005 0.001 3707.901611328125
0.005 0.002 3701.486328125
0.005 0.004 3688.689697265625
0.005 0.005 3682.286376953125
0.005 0.008 3663.35400390625
0.005 0.01 3650.6328125
0.005 0.02 3587.127197265625
0.005 0.04 3462.167724609375
0.005 0.05 3400.9990234375
0.005 0.08 3220.72900390625
0.005 0.1 3103.278076171875
0.005 0.2 2547.466796875
0.005 0.4 1608.5091552734375
0.005 0.5 1225.5255126953125
0.005 0.8 417.2374572753906
0.005 1 164.40213012695312
0.005 2 91.66445922851562
0.005 4 87.17008972167969
0.005 5 86.72506713867188
0.005 8 86.32780456542969
0.005 10 86.1183090209961
0.005 20 86.09307098388672
0.005 40 85.82545471191406
0.005 50 86.40512084960938
0.005 80 87.0588607788086
0.008 0.0001 3713.283447265625
0.008 0.0002 3712.260498046875
0.008 0.0004 3710.2080078125
0.008 0.0005 3709.1923828125
0.008 0.0008 3706.11083984375
0.008 0.001 3704.04833984375
0.008 0.002 3693.83056640625
0.008 0.004 3673.46435546875
0.008 0.005 3663.11083984375
0.008 0.008 3632.790771484375
0.008 0.01 3612.539794921875
0.008 0.02 3512.833251953125
0.008 0.04 3317.18896484375
0.008 0.05 3219.32958984375
0.008 0.08 2939.606201171875
0.008 0.1 2763.98388671875
0.008 0.2 1953.4910888671875
0.008 0.4 784.9857177734375
0.008 0.5 413.92388916015625
0.008 0.8 111.16199493408203
0.008 1 97.60079956054688
0.008 2 85.51203155517578
0.008 4 85.01636505126953
0.008 5 84.92318725585938
0.008 8 84.91569519042969
0.008 10 84.95565795898438
0.008 20 85.02808380126953
0.008 40 84.81277465820312
0.008 50 85.9493408203125
0.008 80 85.62689971923828
0.01 0.0001 3713.032958984375
0.01 0.0002 3711.752685546875
0.01 0.0004 3709.184326171875
0.01 0.0005 3707.906005859375
0.01 0.0008 3704.07177734375
0.01 0.001 3701.4921875
0.01 0.002 3688.71044921875
0.01 0.004 3663.148681640625
0.01 0.005 3650.606689453125
0.01 0.008 3612.3759765625
0.01 0.01 3587.699462890625
0.01 0.02 3462.57080078125
0.01 0.04 3219.5615234375
0.01 0.05 3102.646728515625
0.01 0.08 2760.346435546875
0.01 0.1 2548.23828125
0.01 0.2 1608.69970703125
0.01 0.4 418.73028564453125
0.01 0.5 164.1197052001953
0.01 0.8 97.69066619873047
0.01 1 88.13105773925781
0.01 2 84.91307830810547
0.01 4 84.76146697998047
0.01 5 84.77774047851562
0.01 8 84.74858093261719
0.01 10 84.7856216430664
0.01 20 84.79354095458984
0.01 40 85.34729766845703
0.01 50 85.55760955810547
0.01 80 87.20076751708984
0.02 0.0001 3711.746337890625
0.02 0.0002 3709.171875
0.02 0.0004 3704.066162109375
0.02 0.0005 3701.491455078125
0.02 0.0008 3693.81884765625
0.02 0.001 3688.738037109375
0.02 0.002 3663.37841796875
0.02 0.004 3612.639892578125
0.02 0.005 3587.239501953125
0.02 0.008 3512.334228515625
0.02 0.01 3462.617919921875
0.02 0.02 3220.381103515625
0.02 0.04 2763.80908203125
0.02 0.05 2543.48828125
0.02 0.08 1957.1199951171875
0.02 0.1 1607.44677734375
0.02 0.2 419.7259521484375
0.02 0.4 97.60635375976562
0.02 0.5 87.64453125
0.02 0.8 84.72234344482422
0.02 1 84.71257019042969
0.02 2 84.71260833740234
0.02 4 84.71161651611328
0.02 5 84.73992156982422
0.02 8 84.7719497680664
0.02 10 84.76502990722656
0.02 20 84.86858367919922
0.02 40 85.32386779785156
0.02 50 86.95718383789062
0.02 80 89.1766128540039
0.04 0.0001 3709.180419921875
0.04 0.0002 3704.04150390625
0.04 0.0004 3693.8095703125
0.04 0.0005 3688.759765625
0.04 0.0008 3673.434814453125
0.04 0.001 3663.145263671875
0.04 0.002 3612.529052734375
0.04 0.004 3512.463134765625
0.04 0.005 3461.83740234375
0.04 0.008 3317.06787109375
0.04 0.01 3221.709716796875
0.04 0.02 2761.7412109375
0.04 0.04 1958.2886962890625
0.04 0.05 1612.18896484375
0.04 0.08 783.8585815429688
0.04 0.1 416.4798583984375
0.04 0.2 97.8550796508789
0.04 0.4 84.70882415771484
0.04 0.5 84.7088851928711
0.04 0.8 84.70936584472656
0.04 1 84.70927429199219
0.04 2 84.71540832519531
0.04 4 84.76025390625
0.04 5 84.7279281616211
0.04 8 84.85997772216797
0.04 10 84.88436126708984
0.04 20 86.64656066894531
0.04 40 86.343505859375
0.04 50 89.60517120361328
0.04 80 97.92097473144531
0.05 0.0001 3707.913818359375
0.05 0.0002 3701.50146484375
0.05 0.0004 3688.683837890625
0.05 0.0005 3682.39599609375
0.05 0.0008 3663.297607421875
0.05 0.001 3650.56201171875
0.05 0.002 3587.724853515625
0.05 0.004 3463.03857421875
0.05 0.005 3401.209228515625
0.05 0.008 3219.6025390625
0.05 0.01 3102.851318359375
0.05 0.02 2547.34765625
0.05 0.04 1604.293701171875
0.05 0.05 1224.798583984375
0.05 0.08 416.7852783203125
0.05 0.1 162.27456665039062
0.05 0.2 87.6403579711914
0.05 0.4 84.70878601074219
0.05 0.5 84.7091293334961
0.05 0.8 84.70994567871094
0.05 1 84.71098327636719
0.05 2 84.7135009765625
0.05 4 84.73124694824219
0.05 5 84.77129364013672
0.05 8 84.80072021484375
0.05 10 84.96817016601562
0.05 20 87.7703628540039
0.05 40 86.03207397460938
0.05 50 89.4062728881836
0.05 80 105.3006820678711
0.08 0.0001 3704.099609375
0.08 0.0002 3693.862060546875
0.08 0.0004 3673.396240234375
0.08 0.0005 3663.23583984375
0.08 0.0008 3632.728759765625
0.08 0.001 3612.451171875
0.08 0.002 3511.736083984375
0.08 0.004 3317.027587890625
0.08 0.005 3220.113037109375
0.08 0.008 2939.969482421875
0.08 0.01 2764.98193359375
0.08 0.02 1957.09619140625
0.08 0.04 784.226806640625
0.08 0.05 415.67333984375
0.08 0.08 111.23643493652344
0.08 0.1 97.73359680175781
0.08 0.2 84.70851135253906
0.08 0.4 84.70877075195312
0.08 0.5 84.70928192138672
0.08 0.8 84.7110366821289
0.08 1 84.71443176269531
0.08 2 84.73309326171875
0.08 4 84.78606414794922
0.08 5 84.7877197265625
0.08 8 84.93321228027344
0.08 10 85.02754974365234
0.08 20 85.56214904785156
0.08 40 89.59688568115234
0.08 50 92.40217590332031
0.08 80 108.54898834228516
0.1 0.0001 3701.51416015625
0.1 0.0002 3688.66748046875
0.1 0.0004 3663.2470703125
0.1 0.0005 3650.6171875
0.1 0.0008 3612.56640625
0.1 0.001 3587.500244140625
0.1 0.002 3462.22802734375
0.1 0.004 3219.92578125
0.1 0.005 3102.13134765625
0.1 0.008 2762.75439453125
0.1 0.01 2544.89404296875
0.1 0.02 1606.7298583984375
0.1 0.04 416.35699462890625
0.1 0.05 162.8935089111328
0.1 0.08 97.69400024414062
0.1 0.1 87.64769744873047
0.1 0.2 84.70857238769531
0.1 0.4 84.70890045166016
0.1 0.5 84.7099380493164
0.1 0.8 84.7112808227539
0.1 1 84.71299743652344
0.1 2 84.73027038574219
0.1 4 84.73808288574219
0.1 5 84.92292785644531
0.1 8 84.96017456054688
0.1 10 84.77250671386719
0.1 20 86.54656982421875
0.1 40 91.8084945678711
0.1 50 91.57451629638672
0.1 80 125.26590728759766
0.2 0.0001 3688.756103515625
0.2 0.0002 3663.26416015625
0.2 0.0004 3612.91943359375
0.2 0.0005 3587.5927734375
0.2 0.0008 3512.4111328125
0.2 0.001 3462.750732421875
0.2 0.002 3219.5869140625
0.2 0.004 2761.349853515625
0.2 0.005 2547.478515625
0.2 0.008 1956.687255859375
0.2 0.01 1610.7861328125
0.2 0.02 414.62939453125
0.2 0.04 97.84149932861328
0.2 0.05 87.48350524902344
0.2 0.08 84.70850372314453
0.2 0.1 84.70869445800781
0.2 0.2 84.70964813232422
0.2 0.4 84.71009826660156
0.2 0.5 84.71243286132812
0.2 0.8 84.71380615234375
0.2 1 84.72703552246094
0.2 2 84.7762451171875
0.2 4 84.83659362792969
0.2 5 84.8635025024414
0.2 8 89.00740051269531
0.2 10 85.94544219970703
0.2 20 91.73963165283203
0.2 40 102.0920639038086
0.2 50 106.76419067382812
0.2 80 187.62942504882812
0.4 0.0001 3663.16455078125
0.4 0.0002 3612.529052734375
0.4 0.0004 3511.933349609375
0.4 0.0005 3462.360107421875
0.4 0.0008 3315.94775390625
0.4 0.001 3219.97607421875
0.4 0.002 2763.674560546875
0.4 0.004 1958.454345703125
0.4 0.005 1608.701171875
0.4 0.008 784.8176879882812
0.4 0.01 418.45294189453125
0.4 0.02 97.9688720703125
0.4 0.04 84.70894622802734
0.4 0.05 84.70848083496094
0.4 0.08 84.71036529541016
0.4 0.1 84.71166229248047
0.4 0.2 84.73165893554688
0.4 0.4 84.72370910644531
0.4 0.5 84.72970581054688
0.4 0.8 84.8718490600586
0.4 1 84.76878356933594
0.4 2 86.18704986572266
0.4 4 92.00618743896484
0.4 5 88.50715637207031
0.4 8 94.77704620361328
0.4 10 99.27384185791016
0.4 20 189.03880310058594
0.4 40 209.85968017578125
0.4 50 169.7521514892578
0.4 80 2858.839599609375
0.5 0.0001 3650.531005859375
0.5 0.0002 3587.403076171875
0.5 0.0004 3462.163818359375
0.5 0.0005 3401.559326171875
0.5 0.0008 3220.21630859375
0.5 0.001 3102.459228515625
0.5 0.002 2545.115966796875
0.5 0.004 1608.267578125
0.5 0.005 1225.390380859375
0.5 0.008 416.7315368652344
0.5 0.01 163.00390625
0.5 0.02 87.56107330322266
0.5 0.04 84.70862579345703
0.5 0.05 84.70934295654297
0.5 0.08 84.71165466308594
0.5 0.1 84.7120590209961
0.5 0.2 84.73941040039062
0.5 0.4 84.7689437866211
0.5 0.5 84.72380828857422
0.5 0.8 84.75508880615234
0.5 1 84.96106719970703
0.5 2 86.53978729248047
0.5 4 87.2119369506836
0.5 5 90.25643157958984
0.5 8 90.13558197021484
0.5 10 123.3542251586914
0.5 20 283.0736999511719
0.5 40 792.413330078125
0.5 50 466.24920654296875
0.5 80 2343.0009765625
0.8 0.0001 3612.516845703125
0.8 0.0002 3511.6484375
0.8 0.0004 3314.841064453125
0.8 0.0005 3219.544677734375
0.8 0.0008 2941.6728515625
0.8 0.001 2764.1376953125
0.8 0.002 1955.178955078125
0.8 0.004 779.19921875
0.8 0.005 419.4932861328125
0.8 0.008 111.14518737792969
0.8 0.01 97.52046966552734
0.8 0.02 84.70857238769531
0.8 0.04 84.70884704589844
0.8 0.05 84.7110595703125
0.8 0.08 84.7088394165039
0.8 0.1 84.71004486083984
0.8 0.2 84.7440414428711
0.8 0.4 84.85134887695312
0.8 0.5 85.04222869873047
0.8 0.8 84.77127838134766
0.8 1 85.41041564941406
0.8 2 86.97814178466797
0.8 4 90.44792175292969
0.8 5 91.29512023925781
0.8 8 169.53842163085938
0.8 10 120.28739166259766
0.8 20 129.38311767578125
0.8 40 1984.6361083984375
0.8 50 1701.736083984375
0.8 80 7257.2919921875
1 0.0001 3586.99365234375
1 0.0002 3462.3330078125
1 0.0004 3221.250732421875
1 0.0005 3102.54541015625
1 0.0008 2763.213623046875
1 0.001 2547.927978515625
1 0.002 1608.742431640625
1 0.004 414.3062744140625
1 0.005 163.0450897216797
1 0.008 97.71257781982422
1 0.01 87.56869506835938
1 0.02 84.70935821533203
1 0.04 84.71097564697266
1 0.05 84.71126556396484
1 0.08 84.70952606201172
1 0.1 84.71320343017578
1 0.2 84.76676177978516
1 0.4 85.12748718261719
1 0.5 84.78937530517578
1 0.8 84.77877044677734
1 1 85.10474395751953
1 2 96.91716766357422
1 4 130.97866821289062
1 5 96.0179214477539
1 8 181.9381103515625
1 10 215.14720153808594
1 20 581.3561401367188
1 40 5059.7529296875
1 50 4355.94091796875
1 80 730.5223388671875
2 0.0001 3463.2080078125
2 0.0002 3218.807861328125
2 0.0004 2759.843017578125
2 0.0005 2547.50537109375
2 0.0008 1952.6807861328125
2 0.001 1609.1383056640625
2 0.002 419.5303955078125
2 0.004 97.69718170166016
2 0.005 87.59041595458984
2 0.008 84.70877075195312
2 0.01 84.70958709716797
2 0.02 84.71287536621094
2 0.04 84.7138671875
2 0.05 84.74111938476562
2 0.08 84.73782348632812
2 0.1 84.724609375
2 0.2 84.73245239257812
2 0.4 86.69251251220703
2 0.5 85.14021301269531
2 0.8 87.6638412475586
2 1 91.8584976196289
2 2 89.89423370361328
2 4 200.57009887695312
2 5 109.26698303222656
2 8 245.63711547851562
2 10 1244.8648681640625
2 20 3058.95263671875
2 40 13458.7060546875
2 50 45768.1171875
2 80 10538.0849609375
4 0.0001 3219.330322265625
4 0.0002 2760.070556640625
4 0.0004 1960.4193115234375
4 0.0005 1611.5526123046875
4 0.0008 779.7167358398438
4 0.001 416.365478515625
4 0.002 97.65509033203125
4 0.004 84.7088394165039
4 0.005 84.70915222167969
4 0.008 84.71067810058594
4 0.01 84.7126235961914
4 0.02 84.7160873413086
4 0.04 84.71365356445312
4 0.05 84.719970703125
4 0.08 84.98592376708984
4 0.1 85.04674530029297
4 0.2 84.85527801513672
4 0.4 88.10962677001953
4 0.5 92.27672576904297
4 0.8 95.3746337890625
4 1 93.1936264038086
4 2 313.6580810546875
4 4 98.04967498779297
4 5 209.89910888671875
4 8 1136.2393798828125
4 10 6355.14111328125
4 20 10817.71875
4 40 51238.796875
4 50 109314.8359375
4 80 353104.0625
5 0.0001 3101.9658203125
5 0.0002 2545.92578125
5 0.0004 1607.990478515625
5 0.0005 1220.975830078125
5 0.0008 416.4563903808594
5 0.001 164.45323181152344
5 0.002 87.55815887451172
5 0.004 84.70913696289062
5 0.005 84.70868682861328
5 0.008 84.71343994140625
5 0.01 84.7093505859375
5 0.02 84.71208190917969
5 0.04 84.7926254272461
5 0.05 84.74742889404297
5 0.08 84.7519302368164
5 0.1 84.7532958984375
5 0.2 87.96414947509766
5 0.4 88.33077239990234
5 0.5 85.92724609375
5 0.8 122.62489318847656
5 1 111.63751220703125
5 2 458.4417419433594
5 4 775.8298950195312
5 5 1798.0947265625
5 8 1083.498779296875
5 10 6999.5869140625
5 20 7866.45654296875
5 40 102869.40625
5 50 10359.0498046875
5 80 198316.0625
8 0.0001 2762.202392578125
8 0.0002 1953.4713134765625
8 0.0004 787.4364624023438
8 0.0005 416.80059814453125
8 0.0008 111.27256774902344
8 0.001 97.69184112548828
8 0.002 84.70865631103516
8 0.004 84.70862579345703
8 0.005 84.70862579345703
8 0.008 84.70889282226562
8 0.01 84.71280670166016
8 0.02 84.71551513671875
8 0.04 84.73081970214844
8 0.05 84.76179504394531
8 0.08 85.13502502441406
8 0.1 85.78319549560547
8 0.2 87.51331329345703
8 0.4 87.10533142089844
8 0.5 86.44649505615234
8 0.8 87.9236831665039
8 1 119.3621597290039
8 2 180.611572265625
8 4 337.4169921875
8 5 1069.952880859375
8 8 4476.646484375
8 10 19128.771484375
8 20 112929.7578125
8 40 404545.71875
8 50 285271.6875
8 80 473166.5625
10 0.0001 2546.739990234375
10 0.0002 1611.2667236328125
10 0.0004 416.7567138671875
10 0.0005 164.06442260742188
10 0.0008 97.61676788330078
10 0.001 87.52926635742188
10 0.002 84.70850372314453
10 0.004 84.71204376220703
10 0.005 84.71870422363281
10 0.008 84.7158432006836
10 0.01 84.72840118408203
10 0.02 84.72361755371094
10 0.04 84.8448486328125
10 0.05 85.09439086914062
10 0.08 85.02111053466797
10 0.1 87.35726928710938
10 0.2 88.71849060058594
10 0.4 121.79795837402344
10 0.5 103.37004852294922
10 0.8 118.83287811279297
10 1 97.22590637207031
10 2 571.4160766601562
10 4 567.6289672851562
10 5 7758.2666015625
10 8 10144.0908203125
10 10 2575.310302734375
10 20 6625.39697265625
10 40 293905.59375
10 50 176198.546875
10 80 760782.625
20 0.0001 1609.274658203125
20 0.0002 416.9935302734375
20 0.0004 97.8461685180664
20 0.0005 87.66284942626953
20 0.0008 84.70856475830078
20 0.001 84.70950317382812
20 0.002 84.71018981933594
20 0.004 84.7254867553711
20 0.005 84.73423767089844
20 0.008 84.76150512695312
20 0.01 84.71369934082031
20 0.02 84.84699249267578
20 0.04 85.23494720458984
20 0.05 87.73282623291016
20 0.08 85.67913055419922
20 0.1 88.61244201660156
20 0.2 107.50585174560547
20 0.4 151.42181396484375
20 0.5 335.052490234375
20 0.8 519.281494140625
20 1 293.4823913574219
20 2 1473.3131103515625
20 4 23867.072265625
20 5 1808.0089111328125
20 8 5230.36767578125
20 10 12506.294921875
20 20 130983.046875
20 40 902225.4375
20 50 573692.625
20 80 693049.0625
40 0.0001 416.21240234375
40 0.0002 97.77325439453125
40 0.0004 84.70881652832031
40 0.0005 84.71006774902344
40 0.0008 84.71109771728516
40 0.001 84.70870208740234
40 0.002 84.7094497680664
40 0.004 84.71907806396484
40 0.005 84.71025848388672
40 0.008 84.72401428222656
40 0.01 84.73448181152344
40 0.02 84.867431640625
40 0.04 87.84085083007812
40 0.05 95.90156555175781
40 0.08 99.49568176269531
40 0.1 89.9228744506836
40 0.2 154.9521484375
40 0.4 895.0756225585938
40 0.5 1096.06005859375
40 0.8 1016.6275634765625
40 1 345.89398193359375
40 2 666.8732299804688
40 4 1063.2044677734375
40 5 10983.6162109375
40 8 364680.125
40 10 45213.171875
40 20 1750649.125
40 40 1232537.875
40 50 1620350.875
40 80 3351869.25
50 0.0001 164.1944580078125
50 0.0002 87.6146240234375
50 0.0004 84.70860290527344
50 0.0005 84.71006774902344
50 0.0008 84.71600341796875
50 0.001 84.70964813232422
50 0.002 84.71684265136719
50 0.004 84.71704864501953
50 0.005 84.89134979248047
50 0.008 85.0274429321289
50 0.01 85.30003356933594
50 0.02 87.90386962890625
50 0.04 92.91825866699219
50 0.05 88.0854721069336
50 0.08 121.90460205078125
50 0.1 120.02058410644531
50 0.2 479.58929443359375
50 0.4 1136.012939453125
50 0.5 1303.240478515625
50 0.8 1671.112548828125
50 1 2446.53369140625
50 2 4306.162109375
50 4 127530.421875
50 5 163604.875
50 8 24548.33984375
50 10 330350.84375
50 20 4717196.5
50 40 1796520.0
50 50 8961633.0
50 80 1386169.75
80 0.0001 97.92089080810547
80 0.0002 84.70909881591797
80 0.0004 84.71118927001953
80 0.0005 84.71061706542969
80 0.0008 84.71310424804688
80 0.001 84.71652221679688
80 0.002 84.71968078613281
80 0.004 84.89080810546875
80 0.005 85.23405456542969
80 0.008 86.16819763183594
80 0.01 84.82865142822266
80 0.02 89.51471710205078
80 0.04 105.8590316772461
80 0.05 114.07804107666016
80 0.08 120.07086944580078
80 0.1 199.99375915527344
80 0.2 315.58087158203125
80 0.4 2392.723876953125
80 0.5 2430.527587890625
80 0.8 1731.680419921875
80 1 17173.265625
80 2 49208.6015625
80 4 361845.4375
80 5 19408.3828125
80 8 582566.4375
80 10 169043.453125
80 20 5266121.5
80 40 33519162.0
80 50 53932828.0
80 80 29968772.0
